814183
1170252924
900911955
473392625
964669078
1265438423
597409993
1738238662
1866808230
13955984
1629526406
1730483679
342865763
1499242942
907557513
730682428
596724165
333889689
462382782
2055599410
1639591160
722831293
219494903
199170185
815887679
207696844
770902344
1819980298
738639289
1296491778
568054228
1733294784
93309106
1567087081
986607412
1151541059
268062141
2089750183
1980614225
812896394
169222133
1185498233
629595553
1781132954
1349993688
1328261054
1901493144
1850501473
776605305
1239854304
412936599
1513056505
149368554
98407117
1420052173
489407816
1660151622
621455911
2115747111
171351961
1836780820
499914621
1860759514
216898921
816314860
596943773
973691210
1365121944
1791238512
783471137
349297013
794957573
762938026
449912920
1439190227
573330499
1507147648
2011450405
1467907437
1391645398
153335724
1308098874
1363605490
367517441
1147056644
1565787883
525727462
350904184
992696250
814874364
579708538
2124985204
1987262418
1374389013
1477816547
1196040477
471619988
1470197912
696391872
1810010707
1649940839